id,age,salary,target,new_feature
1,58,30301,1,116
2,48,75236,1,96
3,34,96235,1,68
4,27,84240,1,54
5,40,95726,1,80
6,58,40492,1,116
7,38,36102,0,76
8,42,80336,0,84
9,30,115314,0,60
10,30,56641,1,60
11,43,64584,1,86
12,55,62745,1,110
13,59,53093,1,118
14,43,96105,1,86
15,22,81885,1,44
16,41,66631,1,82
17,21,102991,1,42
18,43,34014,0,86
19,49,41093,1,98
20,57,48070,0,114
21,21,65777,1,42
22,40,86958,1,80
23,52,112074,1,104
24,31,40729,0,62
25,41,75017,1,82
26,44,96320,0,88
27,46,57751,0,92
28,47,108069,0,94
29,35,84748,0,70
30,34,35801,1,68
31,22,49190,1,44
32,56,79689,0,112
33,26,80993,0,52
34,40,59592,1,80
35,28,40647,0,56
36,58,38716,1,116
37,37,118891,0,74
38,23,117545,0,46
39,44,119912,1,88
40,33,100316,0,66
41,28,32368,1,56
42,45,107575,0,90
43,21,36655,0,42
44,39,100031,0,78
45,47,106429,1,94
46,26,117922,0,52
47,27,85766,0,54
48,54,43403,0,108
49,33,62097,0,66
50,36,108657,1,72
51,55,40966,1,110
52,59,82921,0,118
53,23,79726,1,46
54,21,80300,0,42
55,25,52677,0,50
56,23,85609,0,46
57,48,86661,1,96
58,37,61024,1,74
59,45,100313,1,90
60,53,83006,1,106
61,29,45338,1,58
62,55,98027,1,110
63,33,110135,1,66
64,50,49508,1,100
65,34,33051,1,68
66,27,78747,0,54
67,33,117142,1,66
68,42,117235,1,84
69,59,84021,1,118
70,40,96412,1,80
71,35,88335,1,70
72,37,86179,1,74
73,43,62093,1,86
74,45,99678,1,90
75,44,110738,1,88
76,48,69734,1,96
77,34,102615,1,68
78,20,103523,0,40
79,44,47019,0,88
80,26,113613,1,52
81,28,116672,1,56
82,43,103847,0,86
83,20,112750,1,40
84,27,109634,0,54
85,43,58251,0,86
86,30,55945,0,60
87,36,62217,0,72
88,27,38308,0,54
89,54,35949,1,108
90,54,81990,0,108
91,52,31150,1,104
92,24,119480,1,48
93,58,104740,0,116
94,47,96617,0,94
95,26,46896,1,52
96,28,76175,0,56
97,27,37805,0,54
98,31,35237,1,62
99,53,50056,1,106
100,52,75543,0,104
101,42,86556,1,84
102,43,33343,0,86
103,56,43500,0,112
104,54,83222,0,108
105,59,59375,1,118
106,41,39662,1,82
107,46,46964,1,92
108,54,89638,1,108
109,20,103666,1,40
110,54,115067,0,108
111,56,97215,0,112
112,33,99042,0,66
113,22,43284,0,44
114,20,102789,1,40
115,24,114664,0,48
116,45,91389,1,90
117,33,39435,0,66
118,58,84340,1,116
119,46,74078,1,92
120,28,108832,0,56
121,34,81293,0,68
122,34,108781,0,68
123,45,90403,0,90
124,32,59124,1,64
125,51,73919,0,102
126,58,65247,0,116
127,51,92752,1,102
128,23,86573,0,46
129,49,89101,0,98
130,56,56646,0,112
131,42,53049,0,84
132,58,109605,0,116
133,34,98385,1,68
134,48,70158,0,96
135,55,95417,0,110
136,32,53289,0,64
137,51,39823,0,102
138,26,90160,0,52
139,41,71975,1,82
140,47,39540,0,94
141,21,46364,1,42
142,25,34611,1,50
143,47,57663,0,94
144,47,81991,0,94
145,39,87679,0,78
146,49,60977,0,98
147,30,79115,1,60
148,47,118223,0,94
149,44,90890,0,88
150,58,96387,0,116
151,52,48071,0,104
152,20,89275,0,40
153,46,102369,0,92
154,32,41938,1,64
155,22,65195,1,44
156,58,34000,0,116
157,25,100588,0,50
158,27,68304,0,54
159,46,99449,1,92
160,28,112986,0,56
161,56,119643,1,112
162,52,50764,0,104
163,43,116027,0,86
164,34,68494,0,68
165,51,33373,0,102
166,51,42161,1,102
167,43,57350,1,86
168,31,55351,0,62
169,58,118668,0,116
170,21,45305,1,42
171,22,105353,1,44
172,56,106797,1,112
173,36,95953,1,72
174,21,87458,0,42
175,21,50358,1,42
176,47,33267,0,94
177,42,112745,1,84
178,56,119588,1,112
179,51,68513,1,102
180,52,56092,1,104
181,20,41338,1,40
182,38,30412,0,76
183,21,37543,0,42
184,45,63496,1,90
185,51,90692,1,102
186,25,119084,0,50
187,51,74425,1,102
188,23,68756,1,46
189,30,48888,0,60
190,36,65735,1,72
191,57,77295,1,114
192,43,113042,0,86
193,24,115999,0,48
194,53,47955,0,106
195,25,67841,1,50
196,41,100640,0,82
197,30,95510,0,60
198,35,64911,0,70
199,52,89031,0,104
200,28,118726,0,56
201,25,37357,0,50
202,35,62479,1,70
203,48,91476,1,96
204,22,74811,0,44
205,39,66208,0,78
206,55,50150,0,110
207,38,101180,1,76
208,45,73286,1,90
209,22,98450,1,44
210,38,51352,1,76
211,39,85069,1,78
212,51,44397,1,102
213,26,71555,1,52
214,52,76959,1,104
215,59,30728,1,118
216,58,80517,0,116
217,37,96234,0,74
218,59,69954,0,118
219,20,77280,0,40
220,30,109459,1,60
221,47,46779,1,94
222,44,93932,0,88
223,42,102936,1,84
224,50,54466,0,100
225,49,66939,1,98
226,54,99896,0,108
227,26,65270,1,52
228,35,89163,1,70
229,45,112637,0,90
230,21,81934,1,42
231,20,94895,0,40
232,31,62307,0,62
233,24,84098,0,48
234,56,90921,0,112
235,51,35486,1,102
236,28,38335,1,56
237,54,116900,1,108
238,38,119112,0,76
239,35,41130,1,70
240,22,117508,0,44
241,39,90566,1,78
242,43,96703,1,86
243,52,57192,1,104
244,43,31062,0,86
245,30,114076,1,60
246,27,119780,1,54
247,55,51545,0,110
248,57,51689,1,114
249,59,41174,0,118
250,39,118461,1,78
251,54,39348,0,108
252,44,53714,0,88
253,54,68102,1,108
254,44,104460,0,88
255,48,119930,0,96
256,37,36801,0,74
257,37,102267,0,74
258,21,78136,0,42
259,54,53625,0,108
260,35,112873,1,70
261,55,102592,0,110
262,52,107052,0,104
263,23,74261,1,46
264,52,31542,1,104
265,33,51677,1,66
266,40,76732,1,80
267,39,80343,1,78
268,27,69081,1,54
269,26,92856,1,52
270,22,118858,0,44
271,36,49065,0,72
272,52,113460,1,104
273,31,118092,0,62
274,41,84693,0,82
275,41,56962,0,82
276,49,58295,1,98
277,57,43807,1,114
278,57,72348,0,114
279,27,56432,1,54
280,46,113285,0,92
281,46,87854,0,92
282,53,70262,0,106
283,40,67080,0,80
284,49,31324,1,98
285,52,65909,1,104
286,47,119339,1,94
287,52,49870,0,104
288,24,64578,1,48
289,38,102124,0,76
290,23,56790,1,46
291,54,55289,0,108
292,36,85129,0,72
293,47,45485,0,94
294,49,74482,1,98
295,48,116188,1,96
296,25,34748,1,50
297,54,116769,1,108
298,56,39435,0,112
299,43,33709,1,86
300,48,60355,1,96
